844444444444444444444444444444444444444444444444444444444
733333333333333333333333333333333333333333333333333333333
701010101010101010101010101010101010101010101010101010101
710101010101010101010101010101010101010101010101010101010
701010101010101010101010101010101010101010101010101010101
710101010101010101010101010101010101010101010101084444444
701010101010101010101010101010101010101010101010173333333
71010101010101010101010101010101010101010101010107
70101010101010101010101010101010101010101010101017
71010101010101010101010101010101010101010101010107
70101010101010101010101010101010101010101010101017
71010101010101010101010101010101010101010101010107
70101010101010101010101010101010101010101010101017
71010101010101010101010101010101010101010101010107
70101010101010101010101010101010101010101010101017
71010101010101010101010101010101010101010101010107
70101010101010101010101010101010101010101010101017
71010101010101010101010101010101010101010101010107
70101010101010101010101010101010101010101010101017
71010101010101010101010101010101010101010101010107
70101010101010101010101010101010101010101010101017
71010101010101010101010101010101010101010101010107
70101010101010101010101010101010101010101010101017
71010101010101010101010101010101010101010101010107
70101010101010101010101010101010101010101010101017
71010101010101010101010101010101010101010101010107
70101010101010101010101010101010101010101010101017
71010101010101010101010101010101010101010101010107
70101010101010101010101010101010101010101010101017
71010101010101010101010101010101010101010101010107
70101010101010101010101010101010101010101010101017
71010101010101010101010101010101010101010101010107
70101010101010101010101010101010101010101010101017
71010101010101010101010101010101010101010101010107
70101010101010101010101010101010101010101010101017
71010101010101010101010101010101010101010101010107
70101010101010101010101010101010101010101010101017
71010101010101010101010101010101010101010101010107
70101010101010101010101010101010101010101010101017
71010101010101010101010101010101010101010101010107
70101010101010101010101010101010101010101010101017
71010101010101010101010101010101010101010101010107
70101010101010101010101010101010101010101010101017
71010101010101010101010101010101010101010101010107
70101010101010101010101010101010101010101010101017
71010101010101010101010101010101010101010101010107
70101010101010101010101010101010101010101010101017
71010101010101010101010101010101010101010101010107
70101010101010101010101010101010101010101010101017
71010101010101010101010101010101010101010101010107
70101010101010101010101010101010101010101010101017
64444444444444444444444444444444444444444444444445
33333333333333333333333333333333333333333333333333
